552 INDEX OF TEXTS.

2 TIMOTHY.
i. 4. 325
15. 9
ii. 9. 300
10. 339
12. 132, 203, 249
iii. 12. 367
17. 380
iv. 6. 99
7. 138
8. 368
10, 16. 9
13. 112
15. 497
16. 1, 31
17, 18. 49
21. 112
v. 6. 146
TITUS.
i. 5, 6. 8
7. 8
ii. 13. 63
iii. 8. 50
14. 50
PHILEMON.
2. 182

9. 182
10. 182
13, 14. 308
18. 252
HEBREWS.
ii. 17. 213
iv. 12. 61, 91, 209
x. 1. 230
32, 33. 46
34. 46, 366, 398
38. 94
xi. 40. 416
xii. 4. 284, 366, 483
12. 420
14. 276, 387, 393
16. 94
xiii. 3. 312
4. 330
17. 9, 66
19. 441
1 PETER.
ii. 21. 257
v. 8. 69, 367

REVELATION.
i. 16. 61

