550

vi. 7, 8.

13.
vii. 5.
40.
viii. 2.
9.
ix. 1.
11.

13‚14.

15.
17
27

x. 8, 10.

12.
13.
31.
33.
xi. 21.
30.
xii. 3.
10.
xiii. 12.
13.

xiv. 35.
xv. 10.
16.

32.

36.

45.

51.

52.

53.
xvi. 4.
10.

15.

445
11]
391
414
411
321
324
170
358
166
321

41‚91,133

421
133
284
331

42
268
105
231
453

37
434
512

48
399

149‚207

407‚409
216
133
408
277

50
103
152

2 CORINTHIANS.

i.8‚9,10.

9.
11.
13.
14.
23.

ἢ. 4.
6‚8.

10.
iv. 5.
10.
v. 18.

15,20.

20.

vi. 5, 6.

8.
vii. 10.
viii. 9.

11‚9.

14.
ix. 2.
7.
10.

48
32
342‚498
167

44
102,363
9,178,383
509

132
58‚79‚312
134

217

228

386
41,387
145

177

60

359
24,170

46

15
3

INDEX OF TEXTS.

x.10. 352
xi. 2. 319.331
8. 167,359
20. 352
23‚29. 41
24,26. 41
29. 106
κῆ. 2. 218
4. 300
6. 375
7. 375
9. 13
10. 300
13. 352
21. 94
xifi. 2. 268
3. 414
GALATIANS.
i.6. 199
13. 119
fi.10. 50
17. 257
20. 33‚34,112
ifi.3. 399
4. 46
13. 81
27. 303‚304
28. 254,328
iv.9. 247
15. 199
19. 116
v.3. 257
4. 41
νὺ 2. 278
10. 72
14. 33‚148
15. 119
EPHESIANS.
1 10. 218
23. 248
ῆ.4. 257
6. 249
14. 219
1ῆ.6. 249
9. 235
5,9,10. 235
iv.25. 278
26. 385
28. 65
29. 125,331
v.4. 193,331
8. 451
30. 331
vi. 9. 297
12. 92,108‚367
12,14. 367
21,22. 308

