548

SONG OF THE THREE

CHILDREN.

27. 340

S. MATTHEW.
i. 21. 184
ii. 221
v. 3. 468
4. 157, 323
9, 45. 220
8. 381
9. 162
12. 60
29. 19, 277
32. 390
45. 4, 66
vi. 10. 218
11. 173
24. 72, 460
25. 285, 403
26. 28, 88
vii. 1. 110
2. 297
9. 295
14. 175, 437
viii. 2, 242
4. 441
X. 10, 11. 110
11, 13. 221
13-15- 222
16. 306
19. 299
37. 112
41. 14
xi. 12. 25
29. 60, 66, 143, 468
28. 405
mi. 36. 112
xiV. 12—14. 461
xv. 19. 381
27. 117
xvi. 24. 148
25. 280
xvii. 11. 494
xviii. 10. 219, 220
14. 220
32. 275
xix. 12. 387
21. 124
21, 29. 16
23. 112
23, 24. 460
24. 124
xx. 18. 499
xxiii. 15. 432, 441
xxiv. 14. 465
23, 426
24. 485
27. 465
29. 415
31. 415

 

INDEX(H?TEXT9

40‚41.
42.

xxv. 6.
15.

xxvii. 40.
xxviii. 20.
19, 20.

S. MARK.

ii. 22.
iii. 24.
vi. 18.
vii. 11.
ix. 44.
x. 24.
xii. 41.

S. LUKE.

i. 17.
vi. 21.
23.
24.
25.
30.
36.

x. 7.

8.

19.

20.

xi. 41.

xiv. 12.

33.

xv. 7.

18.

xvi. 9.

23.
25,26.

xvii. 10.
34,35.

xviii. 14.

xix. 8.
xxii. 31, 32.

35.

xxiii. 28.

40.

S. JOHN.

i. 12, 13.
13.
14.

ii.

v. 43.

417
430
415
195
194

65
15,194
418

333

71

252
252
158,5ο9
510

234

44

58

72

390, ’ῗίἓ
195

494
323

60

112
157

17

60
5ο4,5ο5
222
69,254
152

16
15‚188
72‚112
42

137

11

94

155
202
417

94

449

49

113
324

82

254

244

77, 88
332

465, 493

